0.0
Coordinate(1, 1)
243.11111338498333
Coordinate(1, 2)
337.3291365119947
Coordinate(1, 3)
164.31421526422912
Coordinate(1, 4)
159.6327160503819
Coordinate(1, 5)
134.77663242578492
Coordinate(1, 6)
129.49548770066335
Coordinate(2, 6)
122.26166746591944
Coordinate(3, 6)
102.42366962279472
Coordinate(4, 6)
286.7006198125606
Coordinate(4, 7)
243.36942782250924
Coordinate(4, 8)
107.79944871465348
Coordinate(4, 9)
148.8462975157269
Coordinate(4, 10)
125.67695459738444
Coordinate(4, 11)
203.54402943363402
Coordinate(3, 11)
227.10952396150256
Coordinate(2, 11)
253.41793767379824
Coordinate(2, 10)
359.91140044462395
Coordinate(1, 10)
256.5146654350817
Coordinate(1, 11)
447.5939021394546
Coordinate(1, 12)
129.92696797467437
Coordinate(1, 13)
158.50372475603
Coordinate(2, 13)
185.2937545861262
Coordinate(3, 13)
120.364560401745
Coordinate(4, 13)
151.3430023756127
Coordinate(4, 14)
132.8001064368026
Coordinate(5, 14)
125.52627102118488
Coordinate(6, 14)
125.86912616016818
Coordinate(7, 14)
256.73029654937955
Coordinate(8, 14)
185.61290024241202
Coordinate(9, 14)
174.89090278069614
Coordinate(9, 13)
160.905209819625
Coordinate(8, 13)
237.3293296478187
Coordinate(7, 13)
207.9730416017539
Coordinate(6, 13)
145.30920390069903
Coordinate(6, 12)
143.5914640760235
Coordinate(6, 11)
122.59216328055686
Coordinate(7, 11)
132.09986360042143
Coordinate(7, 12)
198.3471689888574
Coordinate(8, 12)
111.85684705623301
Coordinate(8, 11)
218.71084361469983
Coordinate(8, 10)
210.33254139685528
Coordinate(7, 10)
304.7511317901106
Coordinate(7, 9)
73.7019519677763
Coordinate(8, 9)
161.31742611496284
Coordinate(9, 9)
217.6627385598531
Coordinate(10, 9)
365.09527434720627
Coordinate(11, 9)
256.39267003400477
Coordinate(12, 9)
221.49901440650208
Coordinate(13, 9)
587.5605963800523
Coordinate(14, 9)
401.85117429424025
Coordinate(14, 10)
337.97877723981145
Coordinate(14, 11)
482.31071204667296
Coordinate(15, 11)
236.38632330589908
Coordinate(15, 12)
139.1965335535243
Coordinate(15, 13)
244.34750947569546
Coordinate(14, 13)
115.35917108281767
Coordinate(14, 12)
160.85275728802873
Coordinate(13, 12)
117.29141120336465
Coordinate(13, 11)
99.06703915057776
Coordinate(12, 11)
161.5120338602085
Coordinate(12, 12)
297.311973736313
Coordinate(11, 12)
132.7697261185629
Coordinate(11, 13)
116.26684534831415
Coordinate(12, 13)
105.06608559976196
Coordinate(12, 14)
110.09655193210583
Coordinate(11, 14)
293.63838819491184
Coordinate(11, 15)
66.27264359284753
Coordinate(12, 15)
66.45105403437942
Coordinate(13, 15)
67.48009469083138
Coordinate(13, 14)
60.69130551176252
Coordinate(14, 14)
66.47780776810924
Coordinate(14, 15)
63.56516198215219
Coordinate(15, 15)
