Coordinate(1, 1)
3.758620456709441
Coordinate(1, 2)
3.968998457355549
Coordinate(2, 2)
8.051482286905943
Coordinate(2, 1)
5.603321986422291
Coordinate(3, 1)
6.60186724561012
Coordinate(3, 2)
4.77647046135642
Coordinate(4, 2)
95.71226180047222
Coordinate(4, 1)
9.319495863404692
Coordinate(5, 1)
9.680940835737566
Coordinate(6, 1)
7.5937977017068
Coordinate(7, 1)
93.90518057804252
Coordinate(8, 1)
4.697394334927174
Coordinate(9, 1)
3.1211570299956195
Coordinate(10, 1)
8.922414753337584
Coordinate(10, 2)
5.916489179133696
Coordinate(10, 3)
5.234106455757528
Coordinate(9, 3)
3.9568534294291586
Coordinate(9, 4)
2.4411596879415356
Coordinate(9, 5)
3.9232188408794975
Coordinate(8, 5)
83.10683441954082
Coordinate(8, 6)
4.65755213054383
Coordinate(8, 7)
5.455667189453003
Coordinate(7, 7)
97.85234005148547
Coordinate(7, 8)
4.427433068931141
Coordinate(8, 8)
3.2557339133990872
Coordinate(9, 8)
1.9699029643410688
Coordinate(10, 8)
1.540124133744952
Coordinate(10, 9)
0.04077198551892991
Coordinate(10, 10)
-0.6813459734994689
Coordinate(10, 10)
-0.73335399495229
Coordinate(10, 10)
