0.0
Coordinate(1, 1)
333.4452066698197
Coordinate(1, 2)
46.95058803369505
Coordinate(2, 2)
52.35397887638369
Coordinate(2, 1)
62.667093419097505
Coordinate(3, 1)
83.89862496646845
Coordinate(3, 2)
88.81601493173727
Coordinate(4, 2)
94.364169608113
Coordinate(5, 2)
204.07427615071708
Coordinate(5, 1)
47.165526247832524
Coordinate(6, 1)
46.93840854837313
Coordinate(6, 2)
36.722607731708145
Coordinate(7, 2)
36.48038475445996
Coordinate(8, 2)
36.417368216884185
Coordinate(9, 2)
36.53957305784492
Coordinate(9, 1)
36.63700451772563
Coordinate(10, 1)
37.017085766151375
Coordinate(10, 2)
42.01146830116764
Coordinate(10, 3)
47.181977153839526
Coordinate(9, 3)
52.53364963174241
Coordinate(9, 4)
57.34394845224438
Coordinate(10, 4)
62.48105238772309
Coordinate(10, 5)
67.914101328185
Coordinate(10, 6)
68.21034222279144
Coordinate(10, 7)
26.059994406608336
Coordinate(9, 7)
20.862352458564633
Coordinate(9, 8)
15.39143335592503
Coordinate(10, 8)
10.625216459721674
Coordinate(10, 9)
10.118511742942403
Coordinate(10, 10)
-0.32809341232212264
Coordinate(10, 10)
-0.9206745573319799
Coordinate(10, 10)
