0.0
Coordinate(1, 1)
15.62315282708353
Coordinate(1, 2)
15.534387959722764
Coordinate(2, 2)
21.08633963865738
Coordinate(2, 1)
20.869722895274435
Coordinate(3, 1)
193.48449486758463
Coordinate(3, 2)
20.99288116115531
Coordinate(4, 2)
25.983614783792696
Coordinate(5, 2)
203.98708665732647
Coordinate(5, 1)
26.29437650912791
Coordinate(6, 1)
151.5357596313933
Coordinate(6, 2)
15.915795980329563
Coordinate(7, 2)
15.522208474400841
Coordinate(8, 2)
15.826564417708317
Coordinate(9, 2)
311.8604347723964
Coordinate(9, 1)
15.749099800310523
Coordinate(10, 1)
15.583019253974678
Coordinate(10, 2)
15.595439675196731
Coordinate(10, 3)
15.925761020829247
Coordinate(9, 3)
15.786808789210049
Coordinate(9, 4)
16.07295238350319
Coordinate(10, 4)
20.86691945947414
Coordinate(10, 5)
26.116094722986517
Coordinate(10, 6)
141.43082443725163
Coordinate(10, 7)
15.986397036465089
Coordinate(9, 7)
15.455681686948013
Coordinate(9, 8)
15.508408465640123
Coordinate(10, 8)
10.518740644537697
Coordinate(10, 9)
298.91494877372907
Coordinate(10, 10)
-0.7121424754288557
Coordinate(10, 10)
-0.5242512034842619
Coordinate(10, 10)
