0.0
Coordinate(1, 1)
18.859186172745577
Coordinate(1, 2)
20.664834643649627
Coordinate(2, 2)
21.927959646054607
Coordinate(2, 1)
22.658549571804073
Coordinate(3, 1)
22.484221137266704
Coordinate(3, 2)
21.83450116855254
Coordinate(4, 2)
21.589201445527877
Coordinate(5, 2)
21.56753956655203
Coordinate(5, 1)
12.427896479538996
Coordinate(6, 1)
12.00447930591526
Coordinate(6, 2)
10.626969303799925
Coordinate(7, 2)
10.233381797871203
Coordinate(8, 2)
11.484944410311089
Coordinate(9, 2)
308.46602143413156
Coordinate(9, 1)
13.301893131178113
Coordinate(10, 1)
14.083019253974678
Coordinate(10, 2)
15.04264634432914
Coordinate(10, 3)
16.320174359094068
Coordinate(9, 3)
16.181222127474868
Coordinate(9, 4)
16.467365721768008
Coordinate(10, 4)
16.02529945207691
Coordinate(10, 5)
16.03844136992724
Coordinate(10, 6)
16.160437479627337
Coordinate(10, 7)
10.12597946036122
Coordinate(9, 7)
9.82901317939954
Coordinate(9, 8)
9.845326825809966
Coordinate(10, 8)
10.086535903450839
Coordinate(10, 9)
294.6261220971994
Coordinate(10, 10)
-0.7121424754288557
Coordinate(10, 10)
-0.5242512034842619
Coordinate(10, 10)
