0.0
Coordinate(1, 1)
82.78323166685065
Coordinate(1, 2)
40.84556477476231
Coordinate(2, 2)
67.89565722832134
Coordinate(2, 1)
108.18246806270726
Coordinate(3, 1)
82.06167811073082
Coordinate(3, 2)
44.628553137511965
Coordinate(4, 2)
63.671373376208884
Coordinate(5, 2)
79.78964935611924
Coordinate(5, 3)
54.72749194321213
Coordinate(5, 2)
60.35188917632873
Coordinate(5, 1)
39.06303258439488
Coordinate(6, 1)
45.61263773655703
Coordinate(6, 2)
30.01443151345942
Coordinate(7, 2)
49.6371408224942
Coordinate(8, 2)
44.20442454642749
Coordinate(9, 2)
46.56373337398345
Coordinate(9, 1)
31.93501443072909
Coordinate(10, 1)
50.98413953667396
Coordinate(10, 2)
43.650183059524664
Coordinate(10, 3)
50.13808786871561
Coordinate(9, 3)
80.1949315674941
Coordinate(9, 4)
37.122478381904735
Coordinate(10, 4)
44.803252847951306
Coordinate(10, 5)
54.42591914789047
Coordinate(10, 6)
31.311156712082074
Coordinate(10, 7)
30.02153025321112
Coordinate(9, 7)
33.870970538909276
Coordinate(9, 8)
30.24595334706148
Coordinate(10, 8)
296.79414868101736
Coordinate(10, 9)
30.66950991452937
Coordinate(10, 10)
