0.0
Coordinate(1, 1)
35.80486572805618
Coordinate(1, 2)
42.64982788083373
Coordinate(2, 2)
57.29395477526858
Coordinate(2, 1)
56.53173178098058
Coordinate(3, 1)
38.97974311002308
Coordinate(3, 2)
53.89972435732674
Coordinate(4, 2)
54.66616006746706
Coordinate(4, 1)
56.77201471681701
Coordinate(5, 1)
53.32364960240941
Coordinate(6, 1)
55.25733271754086
Coordinate(7, 1)
56.49957982155096
Coordinate(8, 1)
39.848665566766186
Coordinate(9, 1)
39.25186237801501
Coordinate(10, 1)
35.1822802008725
Coordinate(10, 2)
36.603846399937055
Coordinate(10, 3)
40.009642562279765
Coordinate(9, 3)
41.128987489989335
Coordinate(9, 4)
45.73910150306251
Coordinate(9, 5)
44.14179778346452
Coordinate(8, 5)
51.60012357854029
Coordinate(8, 6)
37.61587695588632
Coordinate(8, 7)
35.928423528116504
Coordinate(7, 7)
32.74908014220078
Coordinate(7, 8)
34.32679517254196
Coordinate(8, 8)
31.9971970306482
Coordinate(9, 8)
32.83524017799688
Coordinate(10, 8)
30.635550775606017
Coordinate(10, 9)
31.110412996427584
Coordinate(10, 10)
