0.0
Coordinate(1, 1)
40.80486572805618
Coordinate(2, 1)
50.1450477745489
Coordinate(3, 1)
55.9185414378439
Coordinate(3, 2)
57.04197919162376
Coordinate(4, 2)
66.6038298246872
Coordinate(4, 1)
109.6342568333113
Coordinate(5, 1)
34.17431821098583
Coordinate(6, 1)
63.350309906280316
Coordinate(7, 1)
47.83847729869222
Coordinate(7, 2)
36.676768778044845
Coordinate(7, 3)
35.35233800680579
Coordinate(6, 3)
31.031820407013083
Coordinate(6, 4)
32.62616052092919
Coordinate(7, 4)
31.27955240668375
Coordinate(7, 5)
32.96414771046743
Coordinate(7, 6)
31.52654358050368
Coordinate(7, 7)
